66
109
86
94
66
94
95
67
69
86
70
81
46
89
76
65
95
92
108
100
84
34
43
68
49
82
66
38
99
45
61
89
59
38
93
70
97
110
53
105
66
90
74
85
81
41
53
103
110
63
70
86
78
82
80
51
79
64
102
50
105
87
96
74
75
93
61
56
86
94
79
94
101
84
104
81
76
64
64
58
87
96
67
51
96
82
46
77
99
34
78
86
71
62
61
50
82
59
72
72
67
45
72
77
36
78
77
62
91
98
30
80
58
92
68
75
73
58
61
87
61
99
63
64
59
52
87
104
54
103
43
67
54
102
84
75
86
84
108
74
47
96
103
83
63
73
73
50
69
48
62
41
76
80
61
80
62
56
37
81
74
110
46
82
80
67
92
71
59
101
73
38
71
51
52
65
100
66
71
63
54
77
80
57
82
73
41
71
82
66
91
82
61
75
46
83
112
83
97
59
50
52
54
79
80
82
96
77
81
88
86
77
69
33
84
82
33
81
81
91
49
91
77
67
110
70
93
80
56
89
92
97
108
79
106
83
75
63
101
84
59
78
52
65
75
98
96
74
94
58
76
51
97
80
54
69
91
62
68
39
73
90
68
50
84
76
59
63
97
81
81
70
81
106
78
60
108
71
85
87
52
58
80
111
63
73
93
99
63
81
94
56
50
92
42
108
47
79
56
109
73
67
80
79
24
66
75
70
78
93
47
66
85
65
78
51
78
63
92
96
99
49
94
101
76
61
58
76
102
65
76
41
54
98
103
60
56
71
81
93
73
65
78
91
67
103
83
96
104
106
32
90
50
107
92
63
52
44
46
66
73
77
61
108
68
89
77
61
41
95
46
68
81
78
47
78
90
102
110
76
79
73
53
66
56
70
53
38
68
68
71
47
74
69
66
76
48
81
59
61
87
84
69
65
57
68
86
62
65
76
106
71
51
75
45
98
45
59
79
44
60
69
78
69
103
86
70
64
86
90
103
80
105
88
44
67
78
77
45
108
82
84
62
73
83
62
76
97
92
76
84
60
24
83
76
103
48
69
49
54
94
80
35
72
85
78
52
83
92
70
93
56
103
66
96
52
88
76
108
76
62
71
88
73
92
74
58
35
44
59
67
88
93
86
56
92
71
85
100
56
67
71
57
99
84
91
84
30
56
54
76
90
63
60
67
46
81
71
93
90
97
100
107
92
85
61
94
65
62
58
101
60
90
72
68
60
104
59
76
90
100
78
73
34
78
67
77
105
69
63
65
59
76
106
88
42
84
55
55
72
65
52
92
51
67
83
39
95
71
62
83
43
52
77
45
79
84
91
77
64
55
65
79
24
43
86
93
68
56
85
77
71
40
72
96
100
69
96
71
68
63
71
74
90
104
81
91
77
49
65
83
79
94
80
89
41
72
91
52
99
56
79
85
68
80
73
94
88
60
103
61
72
67
57
74
79
76
71
102
65
83
61
111
72
51
65
79
74
58
66
88
79
85
98
85
89
51
38
82
51
84
82
97
66
102
43
64
75
111
67
78
87
52
70
74
55
83
70
87
78
75
70
91
95
68
52
47
53
98
109
54
101
88
50
54
92
85
75
85
50
68
72
105
56
72
68
54
42
62
89
92
66
81
72
85
71
101
71
68
78
52
70
70
73
112
67
49
92
105
86
107
62
51
84
80
108
64
80
95
67
33
75
102
85
71
53
51
53
105
87
93
48
81
67
67
66
87
63
35
63
81
63
79
62
94
50
51
46
52
80
111
72
108
71
103
68
88
26
65
86
102
101
77
102
99
86
69
64
81
86
58
67
78
70
102
71
103
64
66
67
70
65
69
109
97
99
77
90
49
95
52
79
87
45
39
57
52
102
57
91
86
94
90
76
87
94
95
60
86
86
74
86
71
94
69
48
90
85
74
48
68
32
45
84
69
33
83
84
80
81
84
74
109
51
56
70
47
65
99
99
88
105
68
68
54
96
50
54
41
108
77
70
69
74
71
46
41
68
54
76
92
110
42
56
60
80
76
86
91